PHASE 2 FEATURE CORRELATIONS — baseline (causal σ, predictive — for Stage 1)
======================================================================


ES:
                         z  imbalance_t       der  sign_concordance  clv_mean   clv_var  subbar_imbalance
z                 1.000000     0.924894  0.004393         -0.006694  0.512376 -0.001909          0.712827
imbalance_t       0.924894     1.000000  0.014278         -0.002369  0.533520 -0.004457          0.709522
der               0.004393     0.014278  1.000000         -0.288564  0.005433 -0.312330          0.006953
sign_concordance -0.006694    -0.002369 -0.288564          1.000000  0.004906  0.083025         -0.000502
clv_mean          0.512376     0.533520  0.005433          0.004906  1.000000 -0.003902          0.605052
clv_var          -0.001909    -0.004457 -0.312330          0.083025 -0.003902  1.000000          0.000674
subbar_imbalance  0.712827     0.709522  0.006953         -0.000502  0.605052  0.000674          1.000000

NQ:
                         z  imbalance_t       der  sign_concordance  clv_mean   clv_var  subbar_imbalance
z                 1.000000     0.921906  0.005592          0.000683  0.562859 -0.003851          0.766004
imbalance_t       0.921906     1.000000  0.018670          0.006253  0.585557 -0.006962          0.764081
der               0.005592     0.018670  1.000000         -0.141201  0.006121 -0.286995          0.007474
sign_concordance  0.000683     0.006253 -0.141201          1.000000  0.012823  0.022020          0.007333
clv_mean          0.562859     0.585557  0.006121          0.012823  1.000000 -0.009279          0.637329
clv_var          -0.003851    -0.006962 -0.286995          0.022020 -0.009279  1.000000         -0.001835
subbar_imbalance  0.766004     0.764081  0.007474          0.007333  0.637329 -0.001835          1.000000

RTY:
                         z  imbalance_t       der  sign_concordance  clv_mean   clv_var  subbar_imbalance
z                 1.000000     0.937163  0.000840         -0.000802  0.573647  0.000296          0.770190
imbalance_t       0.937163     1.000000  0.009763          0.004466  0.591006 -0.003612          0.755772
der               0.000840     0.009763  1.000000         -0.049597  0.004815 -0.287032          0.003327
sign_concordance -0.000802     0.004466 -0.049597          1.000000  0.010864 -0.040979          0.001221
clv_mean          0.573647     0.591006  0.004815          0.010864  1.000000 -0.007267          0.615420
clv_var           0.000296    -0.003612 -0.287032         -0.040979 -0.007267  1.000000          0.000583
subbar_imbalance  0.770190     0.755772  0.003327          0.001221  0.615420  0.000583          1.000000
